4.717611987957461839e-01 1.451629023407763341e-02
4.522717872748309720e-01 7.745987463367980386e-01
-4.922476029943279041e-01 2.124574366786344815e-01
1.439598606845711171e-01 2.182252189667819309e-01
-1.889609523142359304e-01 8.815606228341801298e-01
8.099111444086464218e-01 8.240275208757175118e-01
-2.531009961022838706e-01 9.656913556722925840e-01
3.921868219406017264e-01 2.834722788973336183e-01
7.662199098129180985e-01 -3.344543158576092079e-01
-9.827599531279986866e-01 -8.505432622579218727e-01
2.413149164139067882e-01 6.078856112689243751e-01
1.443325656448428695e-01 6.932955920382242176e-01
-1.483777031766310301e+02 -9.913897296045296059e+01
-1.490706866007987514e+02 -9.945938599178305584e-01
8.679170194749932232e-01 -2.279477361430524152e-01
-6.519872165597353497e-01 -4.323376760808770314e-01
5.923500023461425457e-03 -2.110566646744309605e-01
3.458513390167592405e-01 -6.563424483663560238e-02
-2.472632385913797179e+02 -1.984418040759130406e+02
-1.853588707080768359e+02 -9.914045442055029866e+01
2.927611998089887368e-01 -4.356504643934344667e-01
1.461252361989469062e-01 -3.430678911761861904e-01
1.738175747630386070e-01 -2.513273387177106244e-03
-5.076517205844848224e-01 -3.301684706699166139e-01
-9.974279191448727033e+01 -8.419839049612740656e-01
-5.779827802965487038e-01 3.574009927924735042e-01
-1.792497517259254991e-01 3.483981392614088346e-01
-1.500136753748606395e+02 -1.993101620898552255e+02
4.953103442689714697e-01 9.024644081018573516e-02
-6.036691291121185632e-01 -9.964055199464279156e+01
3.947672934347996598e-01 -1.257986464911806657e-01
-9.698946206592884423e-01 4.140256617816362450e-03
4.913607229605327920e-01 3.911632043145543136e-01
-9.938071850400692142e+01 -4.612700431377259047e-01
2.739921560385873978e-01 3.712233188383340377e-02
-6.577596208275258149e-01 -9.928128604086452924e+01
5.103986044691906088e-01 2.304233129886772424e-01
5.756794894767887083e-01 3.970251115979284151e-01
-4.996704475029791759e-01 3.848954984215282593e-01
8.902801194425251641e-01 5.428696493739317841e-01
-3.058551348790539137e-02 6.571649956113807534e-01
-8.236222954464624824e-01 -5.288898594059499025e-02
9.356978181751474111e-02 5.277091882990676552e-01
-3.255462984159942508e-01 -4.551050977718973378e-02
-4.709642802086455582e-02 -1.255678764316570106e-01
-1.625167717892626040e-01 -8.375599871647767536e-01
-6.616453403076458795e-01 -5.406640512842828539e-01
6.955530019656768204e-01 5.520085020871841053e-01
-3.638796345855752747e+02 -1.438069639423555657e+02
-1.596716931736297251e-01 -9.903338276232442183e+01
-6.763639071804505853e-02 7.464513152187008949e-01
4.303736879929502823e-01 2.109531192699074520e-01
8.783247097385282753e-01 -8.680528604825865635e-02
4.773586821792108470e-01 3.424711942233551465e-01
-3.516339827539495673e+02 -3.272188146993793794e+02
-2.457215073022085789e+02 -1.979076318660502238e+02
-6.329664581025393755e-01 9.432243824755004447e-01
-8.230427272584863729e-01 3.785271044060500856e-01
9.287156662438178500e-02 2.702734774569430787e-01
2.669468106765802151e-01 9.874195026488585825e-01
-1.470393566441254620e+02 -1.491769026216149427e+02
-9.869056728431748127e+01 -7.304155126838460799e-01
-1.588782352296526881e+02 -9.954602439790015467e+01
-2.008615655108409328e+02 -2.357616465454783565e+02
-8.652760945216533273e-01 -9.110268310725013752e-01
-1.240376656275359011e+02 -9.982357259145820194e+01
-6.347763141038473833e-01 8.572844575544704693e-01
-7.709444698059821910e-01 -6.627813766054646560e-01
-8.480521476615752174e-01 -3.306772527036603293e-01
-1.891260334493322262e+02 -1.601707033052076099e+02
-1.384803411300139828e+02 -1.735622252789308959e+02
-2.731559658513803015e+02 -1.912992574836179642e+02
4.882440638666956101e-01 5.968371953094406823e-01
8.919228539600900785e-01 1.442789176432937026e-01
-8.295918425091100001e-01 3.646981400345832292e-01
3.174995901455959224e-01 4.555007586687875865e-02
-9.892785128388490445e-01 -1.874532817146381536e-01
6.280327778213277146e-01 -8.995727390741032892e-01
6.626911281233125450e-01 7.339794580057890094e-02
7.442408195921612624e-01 -7.982431626562245253e-01
-4.028348640639893841e-01 -9.787802465100492455e-02
7.101939676571964455e-01 -8.259017703337998562e-01
-7.806497181546103725e-01 -9.311927489199702812e-01
-7.566952200051764166e-01 -2.550760359937813693e-01
-1.535172976027552316e-01 7.749715331096971305e-01
-3.261124999360385246e-01 9.598039354601510809e-01
-2.223786068476556466e-01 2.541277564824069302e-01
-1.376790773204101814e-01 2.892337495296077865e-01
-2.467281363701434582e-01 1.376491012881344567e-01
3.193026125532614223e-01 9.771285901867163837e-01
-1.278783580800168664e+02 -1.954732265015040582e+02
-1.412687839330977226e+02 -1.188080455383040430e+02
4.101529682168636448e-02 8.032772413190412131e-01
6.109379274073210020e-01 -3.740418628837016701e-01
-7.856404585645102578e-01 -1.729595758610988909e-01
7.069109845185781449e-01 -6.777464353214757153e-02
-1.267744314324097417e+02 -3.529098116381933892e+01
-4.135189873464046872e-01 2.839881989670622886e-02
-6.151769925138068640e-01 -4.812330065808265545e+01
-1.008706328151114917e+02 -1.217328026694489864e+02
-9.952692389880197776e-01 -9.121778155625501761e-01
-4.625153915154702755e-01 9.812681079189244926e-01
-4.713833366805109115e-02 -3.678964425478277178e-01
-7.023752944635592854e-01 -9.192562117699867308e-01
-2.804049883330086423e-01 6.932105412912765718e-01
-7.746551860146688284e+01 -6.531518721613011280e+01
-7.274660337962414758e+01 -8.351265652610391044e+01
-1.105647361156011357e+02 -1.356474694836748540e+02
-3.981819555483989692e-01 5.934274208883536517e-01
3.349524327507671373e-01 2.111663230078899556e-01
7.668304105873975374e-01 -5.704821028034416930e-01
-5.621224072032848795e-02 -2.872221250726614272e-01
-2.780944184223439475e-01 -8.040968325836286290e-01
-5.231805412827985613e-01 3.428887780840212951e-01
9.720354934304151762e-01 5.573264208046029289e-01
-5.580254460780595949e-01 2.134123017162703473e-01
-1.368276078068957347e-01 5.491826189099389133e-01
5.253944433028694405e-01 7.416861535113419279e-01
-5.193290161028758511e-01 -2.802827129912908166e-01
5.722718514181162064e-01 -3.117748977154737311e-01
1.025090793556808766e-01 4.241691069737907327e-01
-8.917299565851475318e-01 8.007578677770184061e-01
6.261208771886181967e-01 9.915661460875906386e-01
9.651221152035138751e-01 -6.140174780910141461e-01
-8.939929348483783844e-01 -9.132724992492884386e-01
-3.632247515256055159e-01 -7.615347671646361949e-01
-2.974866384600346692e+01 -6.572861360094946370e+00
2.901422326379918815e+00 -4.325150798618682124e-02
-4.411940107881653361e-01 -7.795049626871481951e-01
-3.417974378882902009e-01 -4.540694135344145455e-01
4.329461508044227802e-01 -1.852475071253294470e-01
-5.658928609480873284e-01 2.143551504385696749e-01
-3.091137331759943319e-01 4.644879988520644876e-01
8.806581997421434327e-01 6.582891465482900717e-01
-7.263725349199394721e-01 4.070472925521388952e-01
-8.622188249763222956e-01 5.745488211038973780e-02
-5.854216911752272434e-01 -5.363539933210388355e-01
-1.505076069098976177e-02 -5.178882397575399477e-01
-9.359249760958927578e-01 -3.089523964194391681e-01
-8.567361914592686034e-02 8.064011744857608743e-01
-8.420969616623086296e-01 4.245906719577325905e-01
2.937153710286775077e-01 2.162820089191480832e+00
5.033957480709065901e-01 1.560146773639736084e+00
-4.439556208223251588e+01 -1.746206116780767914e+01
-6.744883362852678310e-01 -1.740264049850770434e-02
4.636820409276982691e-01 4.124306289586694430e-01
-7.170846233188994390e-01 -4.885131435311966808e-01
-9.416866865187056845e-02 -6.755851605683718120e-01
8.054942023544242602e-01 -4.587397723408659367e-02
2.789205173668651838e-01 -3.810265734037194818e-01
-3.719430418505269564e-01 -7.638378854983653987e-01
-7.643543208704877134e-01 6.713886043325367758e-02
8.622754317942185054e-01 8.126809200580922266e-01
3.645328214557075341e-01 -7.468373865156459068e-01
2.130650060829817338e-01 8.677840162335568319e-01
3.781350719087295253e-01 -9.664131812469980432e-01
8.041834440666966177e-01 -8.622582645860361605e-01
6.390944911435259002e-01 -1.965598604703779895e-01
-2.642442775518405451e-01 -3.380864590692393978e-01
7.621374659007071894e-01 3.745610660232592259e-01
-5.075092387648303394e-01 2.948107278145393195e-01
-6.454463481741765651e-01 2.002459239725673523e-01
4.840159290956174143e-01 6.397737633209659158e-01
8.832455766882618686e-01 -6.050258690164169728e-01
-1.051905947516917905e-03 5.481753496106822610e-01
8.466260473922533336e-01 4.946149649109938817e-01
3.181773348893082165e-01 -1.157840665890588205e-01
-1.561278416101166133e-01 -7.587758071026966533e-01
-8.282918244236179284e-01 2.460510516760721078e-01
8.505298618650545261e-01 6.185396547183639182e-01
-1.430223007509789923e-01 -6.650389936607488117e-01
-4.945671815805638971e-01 6.720823477557846815e-01
8.997060260431537504e-01 9.368790052392512724e-01
2.804035421690149743e-01 8.540808918171207686e-01
9.089324047140117102e-01 -3.566803898425852104e-02
1.798003202289888414e-02 9.819138649084377946e-01
-9.516992624421216629e-01 -8.293923479233182849e-01
1.480180287896470936e-02 -1.536598040238290608e-01
6.524985092374244733e-01 -3.871311363963392260e-01
-4.986790303999810714e-01 -1.081539996156843930e-01
1.832817257593992721e-01 6.003530130301821810e-01
-7.274233594861900798e-03 -9.931823947802420616e-01
1.522071973202276940e-01 4.311717386186262324e-01
-3.867308794581902909e-02 4.635637923102009506e-01
5.322394429588634956e-01 -4.215266197706073470e-01
8.911500576016577746e-01 9.066530037796016739e-01
8.509164455057873777e-01 6.567041370408976952e-02
6.381175820906324070e-01 -2.572933037633731157e-01
1.086496035474624478e-01 -9.652920676734955130e-01
5.846590452000084426e-01 -6.644962893357346800e-01
4.966947676510500287e-01 -4.450518719274207946e-01
1.801647296064223802e-01 -3.254980170588874788e-01
-8.025892805457504053e-01 -1.047511928333080267e-01
-8.442912608352350912e-01 -1.091997880154045308e-01
4.397095897740301851e-01 -7.059496301080281366e-01
4.138463293516378982e-01 -1.065786856842847463e-01
-3.465664638522887309e-01 -9.015812058255052719e-01
-2.586499524936336503e-01 6.959511765311545695e-01
-6.405624187530354341e-01 2.775006279322163039e-01
5.914697412302349910e-02 2.275304222881397997e-01
9.920064501063845519e-01 -7.341677342319177235e-01
7.958903666661907295e-01 -2.613081749013290711e-01
-8.206608452665249409e-01 -8.163855933668853204e-01
1.887557217342270555e-01 -5.878935535877685137e-01
-4.509077963872938355e-01 -8.335921084827437877e-01
9.590213097361399708e-01 1.573087335414211640e-01
5.728724817434553973e-01 5.001741804101689226e-02
-1.495474262363869489e-01 -8.515476744043388724e-01
-6.523868805953529915e-01 -7.386004373603147766e-01
3.498438286157539157e-01 -3.212457868601237276e-01
-8.086067002124206482e-01 7.131521237886266906e-01
1.778234686558612943e-01 -3.667534285546809603e-01
-6.437229546977278893e-01 -1.267457568078078634e-01
8.199071993701996242e-01 -6.415218968607072636e-01
-4.882698251183075211e-01 -6.175696286592173845e-01
-3.344110949052312431e-01 4.510210630455819825e-01
3.737033711936248448e-01 -4.785369604964004875e-01
7.639336658680233594e-01 -5.358777149316735766e-01
-6.651444453687220815e-01 8.107823565849752168e-01
4.203526889153224033e-01 -8.959020304967979520e-02
2.291913367252165212e-01 -2.907190537068580216e-01
-5.019412291895650746e-01 -8.908541530330207348e-01
-9.860358353787175645e+01 -7.875572475220358193e-01
3.007017935333005099e-01 -6.628229051178884390e-01
-8.048799774578030419e-01 -5.854927823814450871e-01
-4.746275912766135807e-01 4.166207564495727489e-02
1.046262019856836201e-01 -3.806256786356476685e-01
-7.448528042434661156e-01 6.612669587630313206e-01
-4.133970368943337803e+02 -4.430897813756326968e+02
-9.978030664072518618e+01 -1.984666430889408559e+02
-9.891313184655346902e+01 -9.979640840789014078e+01
-8.219558035281020469e-01 -5.818403514764887152e-01
-3.875651166610605269e-01 1.734138758618273268e-01
2.603733527604292775e-01 6.804231020258160179e-01
8.087322214144805343e-01 -9.054463020368630488e-01
-1.982943018622373756e+02 -1.737291305134747859e+02
-1.209620866266341324e+02 -1.989042582496833518e+02
-3.954488696485325931e+02 -4.924828035434385924e+02
-1.279471810220120798e-01 -6.321698861144202652e-01
-2.752888330092622127e-01 8.001985355931373611e-01
9.050359426716987343e-01 -8.284775290214407839e-01
-7.463093758248606768e-02 6.828555875959105848e-01
7.816766689826386560e-01 -3.060989090319288231e-02
-9.236787730236430960e-01 -1.495608207690106326e+02
4.344527240791979938e-01 -3.444849812475347939e-02
-1.744191421050392705e+02 -1.983793833759743563e+02
6.971266421286426151e-02 -9.411018959881785051e-01
-9.785570668481977652e-01 2.871451444793231556e-01
-3.209650350269770414e-01 -4.441092634284915519e-02
-2.109372628446510856e-01 3.295153028406518914e-01
-9.956866032268632694e+01 -9.964958837750421594e+01
5.271782002221623298e-01 2.847083584562759562e-01
-1.373715086437534705e-01 2.656377320471967618e-01
-1.068010062507400715e-01 -5.182454897762751589e-01
-9.897019516225982194e-01 -1.918453655299729999e-01
3.821082818574299544e-01 9.747337183406918903e-01
-6.044284017846364154e-01 9.362508920399235102e-01
-1.356880514508762570e-01 -9.239933411288008269e-01
-7.402073925899809126e+01 -1.208476073250322145e+02
-6.061252246969979218e-01 -5.209516834698628696e-01
7.228315287481545948e-01 -9.909663070473400115e-01
5.415169439901230675e-01 9.578059171676631678e-01
-1.671953152714260593e-01 -6.189263384156133974e-01
-5.838174588979292423e-01 -5.462477017734526097e-01
-4.079714441894366814e+02 -2.087309720591830455e+02
-7.822465502091172596e+01 -1.537680306380880211e+02
-2.469811972038342560e+02 -1.606436079628485345e+02
-2.105900870090693378e-01 7.528026725594050284e-02
2.063401877759472036e-01 -7.009980685901548991e-01
-6.184362195478381174e-01 -6.890427761916642080e-01
-1.204176135600550026e+02 -1.938964577228191501e+02
-2.327289646451711178e+02 -1.884948082106074594e+02
-2.767841113868645948e+02 -1.787508188676847283e+02
-1.370390670322331914e+02 -3.493897562826687135e+02
2.302519879396617242e+01 -2.874752977118102848e+01
-1.585939916161889940e+01 -2.234210932613856215e+01
-2.163353748427261358e-01 5.207795547305993367e-02
-2.758572706290662868e-01 -2.165695468859589745e-01
-1.027360911265895567e+02 -4.934587615183494336e+01
-2.659536687027323296e+02 -2.812410704553378764e+02
-1.047965908995314877e+01 -1.642359805825486490e+02
-2.367133570876323461e+02 -1.522888530269696048e+02
8.196122209706271367e-01 8.639412119614302554e-01
4.596836304792200067e-01 8.964320432406562844e-01
-8.262283692796310586e-01 -3.637107581016272295e-01
-8.471975679955117133e-01 -1.067953912742762945e+01
-1.729461090022807923e+02 -1.733886836177389341e+02
-1.378615431168309442e+02 -1.751947450698284570e+02
-4.004709078355415119e-01 7.365379010384849323e-01
7.906099576980694099e-01 -2.094881338349303679e-01
-5.831780944696296487e-01 -3.227643408504283773e-01
6.132475275211162202e-01 -4.255467824025722656e-01
2.659744309624254566e-01 -6.445000527771831411e-01
-8.222501388550411683e-01 -1.382616307999484651e-01
-5.205917157890700420e-01 -1.046769804806508475e+01
-3.947462620012400780e-01 -7.648181828622204748e-01
-2.874430283620572624e-01 4.319269436441079968e-01
-1.448954669049709043e-01 5.309350465037083744e-01
5.928649896358422211e-01 -2.009348801878652058e-01
-8.191787220872595032e-01 8.078044099028143243e-01
-1.578725401140034421e+02 -1.867870881562240015e+02
-2.088051816021717855e+01 -1.178294450713147228e+02
3.655694265442854629e+01 -5.973548846249343569e-03
3.605394423030097162e-01 4.921470202244426773e-03
-1.535218026526388169e-01 7.283456731430686393e-01
3.743148155192321802e-01 -1.695217580933432444e-01
-1.074139878176603986e+02 -2.151456007324160282e+02
-7.232829739299440064e+01 -1.101312714802886461e+02
4.409371991795985224e+01 -9.212259822754127470e+01
4.358506223479758290e+01 -1.616458774323672287e+02
2.480658459379957037e+01 -3.657483186836569811e-01
2.281602242298906624e+00 3.374253551060790723e-01
-4.801229959701632310e+01 -7.301236206422567765e-01
-1.878642796900267253e-01 1.770966789065380187e-01
4.836185843107168836e+01 -3.511378643078772654e+01
4.341179033552059252e+01 -1.224538163430959941e+02
3.628147310677957194e+01 -6.218694101374115490e+01
-4.101339583958790058e+01 -7.860478296847345803e+01
-9.562415470345588808e-01 -7.534146828754038072e-01
-8.961428569835108160e-01 -4.077863476089271799e-02
4.033207351668193219e-01 -4.105281465236052529e-01
-1.019690102032062669e+02 -4.963311381195251215e+01
9.040548230131307150e+00 -1.012610057629281926e+02
-1.076681027841749199e+02 -1.542817340624874873e+02
-6.713278345859119423e-01 6.306530375721626225e-01
-9.997887827289202445e-01 2.633565970694591307e-01
-6.507757362447488259e-01 2.899655671394432144e-01
2.190837869695339002e-01 -7.550025595665534883e-01
7.668931130620002534e-01 5.501056317337122969e-01
4.176585725213171063e-01 5.207072030493533621e-01
-7.941514819652140122e-01 -2.110747543874367249e-01
-9.706126217449952964e-01 3.702660547353788800e-01
-1.093088843593794657e-01 -7.864244409264229407e-01
-5.922999996695683667e-01 -6.943157598960072452e-01
3.200148503610524831e-01 7.893149347702190788e-01
-7.117236153618127226e-01 8.030100015034236094e-01
-1.125611592687434950e+02 -1.118115618102501827e+02
-1.778550014668034862e+01 -6.395876745529662344e+01
1.639702015267860347e+01 -7.998372474385948561e-01
4.843828217523424851e-01 -1.053994806699471987e-01
5.880079555570878469e-01 -9.710227425879880414e-01
-5.179063768273479695e-01 -1.360652507207518180e-01
-7.947968074228001001e+01 -1.345390345775493302e+02
-1.986362917290004759e+01 -3.368371161658635771e+01
7.696316360971991344e+00 4.331699669154797050e+01
8.080919443419398718e-02 4.189317879752855589e+01
3.184279717207436633e-01 -1.606069977516708658e-01
-9.534444393898675596e-01 -8.677190529728662227e-01
-3.454999965722840294e-01 -2.652429414317467593e-01
8.422645698261899128e-01 2.474619202812660124e-01
2.520303324457443850e+01 -5.967195789017947227e-01
4.334407439478704305e+01 -1.497992725711132067e+01
1.969708482671223138e+01 1.006223891233317014e+00
-7.020177951848802778e+00 -6.943968153549811007e+01
1.418613614382154386e+00 1.774915057131674079e-01
-6.107323663145138859e-01 5.172060490429368773e-01
-9.746331443266871286e-01 -4.880799180122661340e-01
-1.440137060770201316e+01 -2.367578802286342565e+01
9.826825057549093856e+00 -2.181416688171320573e+01
-1.312390940222066433e+02 -1.632614268765039469e+02
7.752318386760981284e-02 -7.253183374440905773e-01
-6.643172704494071379e-01 -2.936210571773247846e-01
-2.826993358867273543e-01 1.411419696260960421e-01
-2.545141990630344075e-01 8.057332639518910433e-02
1.061772235344193849e-01 3.572473596785654681e-01
3.696684774829257503e-01 -5.377872953041991089e-01
2.499453405511513626e-01 9.762332662049788556e-01
-1.264410551110255465e-01 -8.164755184228611462e-02
1.941337202998356659e-01 -2.767496497706534164e-01
-9.976016697326934857e-01 -4.086529443695110508e-01
7.648100399857127307e-01 -8.782421044609423078e-01
7.988218335308958640e-01 -5.065246195559036657e-01
-3.684013677553043919e+01 -6.566608361655677584e+01
-1.846483385801753085e+00 -9.422312936372847503e-01
6.680997704522575464e-01 1.596269261817746532e-01
-2.824643073011863237e-01 -2.282514767601970807e-01
-5.470858119753363447e-01 -5.119652616353589369e-01
9.217399156912520208e-01 9.852682184459142789e-01
-5.283914024105434493e+01 -6.273105380032657763e+01
-6.227143950783553539e-01 -4.786583464580065339e+00
4.671982656168501080e+01 -1.239736876163577417e-01
4.847815811194231550e-01 8.238867456817369206e-01
-9.595314797004377283e-01 -5.654601983620661798e-01
6.032006431835854610e-01 3.067142064315386829e-01
1.589585268762761849e+00 -1.541573256067041431e-01
2.151837943135357367e-01 -7.635149089290340640e-01
2.177063453400339554e+01 4.164917946049253317e+01
-1.413890261782391189e-01 4.816683944518455007e+01
-2.787730523953633188e-01 2.692701193826805284e-01
-2.860264180541377854e+01 -5.512147162811806567e+01
-5.072924334600876772e-01 4.936850517075030975e-01
-9.317203138955556518e-01 -5.756559154655165322e-01
4.817175356757350535e-01 6.389876489388377490e-01
6.747318434565019452e-02 1.409083411482121484e+01
2.132381127315818858e-02 -1.048027244125153690e+00
-3.216102577324453193e+01 -4.780629706514825727e+01
5.836236096338720536e-02 5.836590491568602879e-01
3.063091471205114935e-02 -7.294022163980720119e-01
3.520833797524260955e-01 -4.305815077631118815e-01
-3.867767590329842520e-01 5.120597963022583965e-01
-1.149208564784198749e-01 1.351515518953649853e-02
3.080446908859291177e-01 -5.556549579666483218e-01
2.389749492856640956e-01 4.205902556176925877e-01
3.542387567735945098e-01 7.664852929907783885e-01
-1.325775523830108327e-02 1.348112905241700687e-01
8.029955594645943329e-02 5.167535359748149926e-01
-6.650531408507565079e-01 4.025035134654113556e-01
-1.282365707841688351e-01 7.306062741992249698e-01
-3.743268362727938392e-01 1.289653283013647567e-01
5.422283415538353690e-01 -7.153124982868710457e-01
-4.637337445524027935e-01 8.023516251891344986e-01
-4.788595556837569323e-01 -1.976084729863365475e-01
-7.697862970779729697e-01 -5.780801671411555098e-01
-2.139068444530134450e-02 -2.832244350044899051e-01
-5.552127282819492304e-01 -4.472465221739976293e-01
-2.559054371947722117e-01 9.767559388084448013e-01
8.781476129577159284e-01 7.319759154966669623e-01
4.092105129824519238e-01 -6.741130855800439026e-01
6.241201294267910704e-01 -3.762021304439016056e-01
-2.774749413007806531e-01 -7.401020998862271050e-01
9.951166406277323073e-01 2.409155740568433846e-01
5.905991952484530572e-01 5.683071109219550721e-02
-2.001264870966301679e-02 5.574075850292905532e-01
7.560232991312516582e-01 6.541289483983161457e-01
-7.243357590032877269e-01 -4.668071092096133246e-01
5.552048711866961472e-01 -9.385273326550727102e-01
-6.708188572986739651e-02 8.270417132522966952e-03
-6.043809883575472774e-01 -5.019021582640272872e-01
-3.957681175489047298e-02 4.088956635843810083e-01
4.429346270118983409e-01 7.154273702994775608e-01
9.847508969623719466e-02 1.033400923373062330e-01
4.899276788729824972e-01 -1.343260077756860404e-01
-9.908563551293043759e+01 -9.753218544766198761e+01
-1.198381512317567044e+01 -7.068242851108925695e-01
3.009926102154691918e-02 8.684243022605642182e-01
2.583104602813603989e-01 -6.756604384518150042e-01
-9.708531135673270640e-02 -2.235192764988023217e-01
3.310643252194456210e-02 4.870123098813226026e-01
-1.850751828005904258e+02 -2.962696582070153681e+02
-2.443797709841673438e+01 -1.739974998406859754e+02
-2.481617372590550872e+02 -2.390563632103432496e+02
9.909263916731501087e-01 -1.852079393832393173e-01
-3.292589412104973690e-01 -3.599683568249447685e-01
-2.410863991162039977e-01 3.898075321244627300e-01
-2.473624632009070865e+02 -3.139762879907046909e+02
-1.482230626651178511e+02 -1.488231283686191944e+02
-4.516315788693086688e+02 -4.906985123093801349e+02
-4.805564488328289485e+02 -4.979069562479131719e+02
-1.571779024451389617e-01 -7.606783037368267664e-01
-6.472594894676184651e-01 -9.844408213451204404e+01
4.518443977452735183e-02 -1.166634044565386663e-01
8.200319123632704432e-02 -5.626497181449756635e-01
-2.746876841579963866e+02 -1.591493751760040141e+02
-3.851830360847095562e+02 -3.710051064116892690e+02
-9.209223002186430751e-01 4.419108548474943721e-01
-6.174975487892448989e-01 -9.946232841552689763e+01
-3.814947497444403091e-01 -2.246502826813898679e-01
8.473034404152632870e-01 -2.395541815736585978e-01
8.191870997018741996e-01 -7.188559058915653388e-01
6.064896339875096576e-01 2.552383462761684818e-01
-9.968064800213885235e+01 -3.745896629459037896e-01
-9.931842475639803069e+01 1.419405162785558616e-01
-4.493873056016091105e-01 -6.385032277544901991e-01
-1.559696527458851456e-01 -2.988657453396372787e-01
9.969906549423961373e-01 7.177129953806822282e-01
-9.655638890615863001e-01 7.560651924170780358e-01
-9.547648933757582057e-01 7.008132045655304232e-01
-2.798772277956924626e-01 3.819161142000364606e-01
-2.661395022461528583e+02 -2.502451952512466562e+02
4.799890021250454719e-01 4.042216051982479019e-01
6.020827936883177411e-01 1.600387288096465355e-01
-9.149021352678596841e-01 -7.523602165852145696e-01
9.935750904326323685e-02 -7.159334487483932641e-01
-1.958480474851180819e-01 8.941800273752265049e-02
-1.884921757794444659e+02 -2.539542596915092645e+02
-4.881260883440630494e+01 -1.785069600730341506e+02
-9.334211843791713648e+00 -2.082146016794207810e+01
8.314853258573202677e-01 -2.984138393098354491e-01
-1.551939615239532611e-01 3.468339168516352267e-01
3.499821184902489613e-01 8.455290529660068888e-01
-2.139146877020518502e+02 -2.570463158495119274e+02
-6.848862417648361145e+01 -2.104204149347261250e+02
4.671155646141338380e+00 -1.815550817990472012e+02
3.668946624075509533e+01 -1.158526372318150095e+02
2.356999644198048571e+01 -3.396624583311835810e-01
1.993487505056423004e+01 -8.823319551685502304e-01
-5.819393725738399858e-01 2.345396654819020821e-01
3.824571818960982306e-01 -9.295179915125763159e+01
-2.824132131842043805e+02 -9.313578883881237402e+01
3.694285295827790350e+01 -2.719649310305213135e+02
3.933515711834397166e+01 -3.647000756127378196e+01
3.605783703679918073e+00 -1.050484210657240993e+02
-3.810629231963764685e-01 6.355031321022510671e-01
2.213471115136100842e-02 7.457666100860198544e-01
7.455961404535027537e-01 3.900525225802535800e-01
-1.343137930824064483e+02 -6.892431145008517035e+01
2.857512657966232084e+01 -1.097038998977583049e+02
-1.129049746019675666e+02 -2.164557609217418417e+02
-2.665977294159700417e-01 -4.179407676667850069e-01
9.775557787501929496e-01 -3.809298685014093078e-01
1.809655208085960698e-01 -3.895070470304446975e-01
-7.505243631220355205e-01 -3.705963214583378740e-01
2.182086856872917835e+01 -7.397088866210232982e-01
-1.167884167757705711e+02 -2.020631195340624231e+02
-9.532489529169809828e+01 5.110552327520403448e-01
3.408018435221302767e-01 -6.161395959991962101e-01
5.657606703117030733e-01 1.761126184480061863e-01
-6.900086395483895352e-01 -2.813250405685518984e-02
7.730592905298518946e-01 8.987943150630857136e-01
6.900798717920528791e-01 7.718703773113027022e-01
-2.693767720003523891e+02 -2.006913494996850318e+02
-8.042549934960719327e+01 -7.519811177677920000e+01
-9.135893198180067287e+00 -4.608626631500319348e+01
-7.851943308289639489e-01 5.424379745873098013e-01
4.018998489930765139e-01 -2.011493244646260781e-01
3.190495267055546424e-01 -9.579851742339535736e-01
-7.923578958621300217e+01 -1.984192587618133530e+02
-5.512542460940439426e+00 -1.155711299360019098e+02
5.968417794494007467e+01 -6.270049922601045722e+01
4.417885511430876022e+01 -8.082071961325109299e+00
4.018422571356320105e+01 -4.149534941257457810e-01
7.211918819026910121e+00 -9.466501021290010254e-01
-4.379914294698907895e+01 -1.339557265843325240e+02
-3.618789710874566623e+01 -9.372621340155125047e-01
4.151638646723623083e+01 -7.506920160760950012e+01
4.136552042136344198e+01 -1.585684853991720189e+01
-6.067483006583779925e+00 -3.650587064569172213e+01
-7.201006893929451280e+01 -3.736877709979421525e+01
5.278273295113324881e-01 3.411545015806001224e-01
8.771302843750135025e-01 -5.058067798158141226e-01
9.984901661429030906e-01 -6.725481659986400906e-01
4.695683289922196479e+01 -2.102924178723726456e+01
3.602962977218099994e+00 -5.199135562753043871e+01
-4.515640357335009014e+01 -1.206122315399392164e+02
5.098380104519613099e-01 -2.847527696311098477e-01
-1.667276104087616062e-01 2.637065003928196205e-01
5.478829569397491994e-02 5.807734097337728940e-01
5.077658035855849850e-01 2.660230945872044117e-01
4.913533032978854020e-01 -1.171914098606032795e+01
-1.873681078269418094e+02 -1.016299865480733899e+02
3.690524323787622851e-01 1.407891296712338036e-01
6.294860113086839792e-01 9.247698386013596394e-01
-7.632532779494578534e-01 5.888153877553969906e-01
-7.691284515629659424e-01 -9.141727069603209355e-01
-7.216410538687323406e-01 -6.115376326879033986e-01
-9.398673044022687328e-02 -2.361557525323956241e-01
-1.217072757762869912e+02 -1.730517857608257373e+02
-8.804631867733479567e+01 -4.775995079584041747e+01
4.510438067174735721e-01 -8.970361145850798135e-01
-1.972015245709564102e-01 8.553849167575997559e-01
7.654853674247341644e-03 -2.315018070671703843e-01
-2.104111500452960914e-01 -4.421900245311374267e-01
-1.478345385934697163e+02 -9.195936618863322565e+01
-8.412850371017671591e+01 -3.189391383546912095e+00
3.998902237990877495e+01 -5.457339190340100288e+00
-2.971139465702778537e+00 4.078842358739153440e+01
9.582330145513597852e-01 -8.353996630056308437e-01
-8.919864427842481014e-01 1.387543306017529066e-01
-1.213245328146343951e+02 -9.405788028596811046e+01
-3.389877715333209807e+01 -2.701090965373003883e+01
5.652162169757637855e+00 4.535791612224015523e+01
-1.347935912135180558e+01 4.445069876582671498e+01
-3.285746891499623956e+00 -2.038455984241396735e+01
-8.508947176064635798e+00 2.514846724712174186e-01
1.391080748634993647e+00 -1.405200828634687316e-01
-7.358755789639288558e-01 -3.691620177964283211e-01
4.537929931338615575e+01 -8.629912457874651111e-01
3.217376712348036705e+01 2.262028383813213139e+01
-3.394088664824858625e+01 1.575863229477312188e+01
-2.159329075193419101e+01 -1.820519128110025520e+02
-8.392069905174972533e-01 8.805144996959892723e-01
7.708429469159785441e-01 1.273476671301898566e-01
-2.800504944213830782e-01 1.561414435611612195e-01
4.632177521877629545e-01 9.832909329344361460e-01
1.149267072629983844e+01 -2.785573183034309608e+01
-1.631222959705407050e+02 -1.282804485520755975e+02
-4.372790144229281584e-01 1.304647772538849448e-01
-4.230096333755137827e-01 -1.079013773059123160e-01
-8.439031767680893470e-01 3.215659470803462483e-01
-6.634240063354401862e-01 -9.160503901335803612e-01
-1.019526683854738991e-01 9.832643680989765489e-01
-2.714761243440231286e-01 -2.949894868572484619e-01
-5.616338246403000056e+01 -4.852715319151576523e+01
1.486278507147532846e+00 -6.260361789091324347e-01
2.275652971055490692e-01 -8.086722002260950948e-01
-3.969529389062120828e-02 2.353686938336094769e-01
5.023213043251626431e-01 -8.039579363943971657e-02
6.125443003745991710e-01 -8.383007323815725442e-01
-1.337884203248975723e+02 -4.558098310816384213e+01
-2.937764094492747802e+01 -5.630659124222135148e+01
-9.908252428586126204e-01 1.193804201840464785e+01
1.535206765781218508e-01 -2.620718528208543230e-01
8.105943970956652755e-01 9.842546604371087415e-01
-3.061664408691868733e-01 7.445636660914605187e-01
-6.996159038232201510e+01 -7.999943745036975429e+01
5.212146615807080607e+00 3.704926443138683023e-01
-1.628135249650154037e+01 4.731178552699363138e+01
-1.952192793692901773e+01 3.688612694755143195e+01
7.592729279495895600e-01 -8.018330573191567723e-03
-7.219125723468167166e-01 -1.913065358554050022e+01
-8.775111805908319962e-01 1.882818568881802879e+00
5.228212192386619250e+01 -8.123059748263077307e-01
3.071746374482400910e+01 -1.452263518418888122e-01
-4.592619108554888641e+00 2.418428903172790001e+01
-8.741646617450254553e+01 6.158933999811691429e+00
-1.286996333307221789e+02 -8.573230656041342712e+00
-6.945688373105050051e-01 7.548715600461164410e-01
3.058737342562358741e-01 -1.039856671128340793e-01
1.902385835602279585e+01 -9.947290789969334135e-01
2.457807033402907138e+01 5.535596527845880743e-01
-3.913763834653884999e+01 -6.872791965478452880e+01
-2.244470632374101058e+02 -1.094524803093243293e+02
1.790004791833035291e-01 -6.305975300463546596e-01
-8.421850340473948648e-01 3.535568817699994426e-01
-6.709766986853771265e-01 6.070709077777691753e-01
-2.091901225006984610e-01 -7.320956231123063596e-01
-7.818155836947029425e-01 -1.326250211465913598e-01
6.297406336577944241e-01 -5.100388498083050504e-01
-5.530602181841350529e+01 -1.001993079436553558e+02
-6.204282924296111723e-01 6.127145768598429854e-01
-5.561916616424362747e-01 3.165376601248599542e-01
-5.505442000305746930e-01 7.127160388354090159e-01
5.895290470618668177e-01 -4.646471981852546840e-01
7.190970003430237067e-01 -5.111034148523236897e-01
-3.153850733418440200e+01 -1.659374166725641686e+01
7.455754383879613645e-01 2.359494319347295033e-01
-4.870937736800944329e-01 5.701450241738672542e-01
-5.079775053894093340e-01 1.311169781686927216e-02
4.557843356748625396e-01 -3.738193974260537455e-01
9.710356179888717243e-01 6.182993817014208471e-01
6.797680147489927327e-01 -2.397389887481486959e-01
-7.647009124324752882e-01 2.798283390370078649e+01
-2.340212844372435796e+01 -4.252221820910562222e-02
7.886249878451043749e-01 4.910562775041888983e-01
8.008302206838071591e-01 4.162192629725245396e-01
-2.010767294250224158e-01 -7.256458374422658508e-01
4.349081894381372493e-01 -3.236920251461230524e-01
5.408579386985161719e+00 1.795896638858534011e-01
-4.371982161937359024e+01 -4.014037768472191736e-01
-9.644949453898961078e-01 7.946065328986592569e+00
1.994202527145012560e-01 3.153953391951773710e-01
5.394878717296420767e-01 -6.112701240303386463e-01
-4.566063041061703132e-01 2.513045329977259268e-01
7.736952890559394280e-01 -2.079774034605197386e-02
9.514314895279989415e-01 -7.077935910827766186e-01
8.574131721329067091e+00 -4.651577189967477377e-01
1.176719899379374823e-02 4.244523818288155059e-01
6.981754848515211442e-01 1.687770531524015460e-01
-8.911597058616904121e+01 -6.600968352309666898e+01
-9.977485053183029606e+01 -1.241958416631434403e+01
5.986430737703840599e-02 6.320477336732843732e-01
6.006483105816244894e-01 9.071827484445460499e-01
6.398813304070087860e-01 -1.311859338685235077e-01
6.169862698598875816e-01 -2.141476184844164354e-01
7.826304903849927719e-01 2.082359980158867696e-01
8.501079607960970730e-01 2.655147370938026885e-01
2.026801904933026144e+00 9.942076739286729303e-01
8.028163922884308246e-01 -2.465569320951301879e-01
7.940911519542501740e-01 8.243552377770819728e-01
-4.801369813804314823e-01 -5.172903447470340588e-01
-9.588395996204179816e-02 -1.204628456641281264e-01
4.420942193356141026e-01 2.285770071356429956e-01
2.370904488404372845e-01 -8.199267554398048663e-01
3.855171417209994900e+01 8.659360127096212167e+00
-1.337346139593731387e-02 4.270732288140766109e-02
1.119061737683016666e+01 -7.828323873536640054e-01
-2.054833000176530255e-01 -4.313411249322505192e-01
-6.226006316568666321e-03 -4.507408413547104864e-01
-7.580867878850401365e-01 4.808051909333139751e-01
-7.515628072301467899e-01 8.761090212033391111e-01
6.698474686699711356e-01 -3.008035538367230810e-01
-3.091143924234425189e-01 5.043765930534371833e-02
-9.423019448475202786e-01 1.293987423619298305e-01
-2.753407018977105380e-01 4.304604820119710684e-01
9.736635437684100225e-01 6.486418063312160420e-01
8.581991569742892789e-01 -8.502713287463110614e-01
-5.653395020407099292e-01 -1.979136826700984564e-01
1.923470656062291617e-01 -5.992155960402276715e-01
-4.920134495817714004e-01 -1.581193003752205950e-01
-9.135477255499457883e-02 -2.162157497093430969e-01
1.975729425768424363e-02 6.880940083156577014e-01
6.356360564984118167e-01 5.540241697330507975e-01
-7.630583202521559194e-01 -7.735346284465096645e-01
2.984909524142147497e-01 1.310763814170348152e-01
-2.947474776081680830e+02 -2.873802264003235223e+02
-8.549256111673176406e+01 -1.547685317240688008e+01
7.021967399714805769e-01 -4.777206620001501758e-01
9.816452544188247753e-01 -5.796150798850914221e-01
5.411978549449505405e-01 -6.826252787168627378e-01
9.830128997035147975e-01 7.903728128440348222e-01
-1.964273730342038959e+02 -2.797955697987181338e+02
-1.813587959460987165e+01 -1.397817150941032764e+02
3.864591833309325875e+00 -7.811532001414315118e+01
1.311538684853425618e+00 3.569831226703366411e+01
3.052931362803197768e+00 -6.636676107559158488e-01
8.145211802874734452e-01 -6.521322815984387233e-01
-6.243664268546461216e+01 -6.636894022420992201e+01
1.743997499888853753e+01 -1.178176556596964186e+00
-3.248616955024905550e+00 1.536727562746580666e+01
4.243450160717017638e+01 1.616259015214640016e+01
2.349842375986238352e+01 4.410709152010429790e+01
7.034920342011303340e+00 -1.368841876931785961e+01
6.288389102693003885e-01 8.822893043757835674e-01
-6.378503843423986019e-01 2.664941162275609177e-01
-2.582758116304133544e-01 -1.604738907790486113e-01
5.207268349778002658e+01 -5.295327920377006503e-01
3.397913899761122281e+01 -3.184712748246134595e-01
-2.110906023650556129e-01 -7.234700869502317389e-01
-6.996781980994524197e-01 2.303753007154756283e-01
-6.909311955859722687e-01 -6.961210096016490212e-02
9.064830872919154015e-01 -1.788445610225595228e-01
8.940639512145098777e-02 4.273023426590931706e-01
-6.071355819639228102e-01 -4.438293423867091292e+01
8.849780311435639035e+00 -3.639989874481997845e+01
4.568551259973219203e-02 6.421944267586532362e-02
1.931443326187962661e-01 -9.632114316613631377e-01
6.337386477307496158e-01 5.156891041951903176e-01
7.997100953921252309e-01 6.473750060461946898e-01
3.956212377797181379e-01 -4.168861580534151123e-01
-2.363441294928414482e-01 6.985166831085520833e-01
-1.495567626105095940e+02 -2.575619392258621474e+02
-5.395390397364960222e+01 -3.409394319563006093e+01
-5.291781173722993614e-01 -4.392452329827041257e-01
9.431973469381826902e-01 1.377233903403156656e-01
-2.281323982735719014e-01 4.097382673738867442e-01
-4.114972095526070461e-01 6.265111591943528513e-01
-2.808218462067234782e+02 -8.152681244036511998e+01
2.426390132350221762e+01 -1.197093568192509849e+02
7.448362386030877857e+00 -4.585918085055227067e+01
3.775693032465999011e+01 -9.455752857922501420e-01
3.138708395651532257e+00 -9.398918288519755304e-01
5.553863242800916034e-01 2.984118797274437629e-01
-1.874474293703417800e+02 -7.359085123788361216e+01
1.227006152356414681e+01 -9.163016019068484752e+01
-5.248527544123837174e+01 2.007308108240690459e+01
3.627154755476400538e+00 4.461102721741939092e+01
9.090556303638717139e+00 4.057442618275950963e+01
-4.302094207875645893e+00 -1.113359490705012966e+01
-8.421544072877420462e-01 8.131539127625819763e-01
9.814804289508594071e-01 8.537779954652353620e-01
1.373388023537363622e+01 3.049089683941631534e+01
-1.723003012019598046e+00 4.454915129304606580e+01
-2.099958309623091068e+01 2.602739520537427254e+01
-1.205996174009603124e+02 -2.417578356478863810e+01
3.559524207640016868e-01 2.784462552678541591e-01
-3.986198272752188299e-01 2.639863727457285592e-01
-4.390767955648466891e-01 7.409812232557477785e-01
-7.112588935695609571e-01 1.325569939609628989e+01
8.371946094559401530e+00 3.533926521658962372e+01
-1.869979824654328127e+01 -3.569012452205052455e+01
-4.771788647235586378e-01 -6.429870530851033994e-01
-6.474570634900889132e-01 -9.884549040396066744e-01
2.996923506677133808e-01 1.926704993565571122e-01
2.455740058567081885e-01 -6.117374101516941387e-01
9.383836444515361030e-01 -6.105099541263676599e-01
-6.853593059081684036e-01 5.866635923598431113e+00
-1.308730497349397410e+02 -3.020006043383725682e+02
-4.399248314401599913e+01 -9.070846394663766077e+00
-5.736551834234400182e-01 9.185354405471750638e-01
3.452178543228274776e-01 4.002806400111547092e-02
-4.902405148452868566e-01 9.126561725844253292e-01
-8.871083111525432940e-01 1.487023439263881475e-01
-1.276505815694639807e+02 -2.351991067916468126e+02
-1.052771415656440297e+02 1.609707690160529836e+01
-4.547542570812579044e+01 2.279164144614745169e+01
-4.510978769176403169e+00 2.401018698035695120e-01
1.074906140075675420e+00 -1.806948135781483167e-02
-2.606588907394631338e-01 -8.345682705932173651e-01
-1.598640190825617822e+02 -8.930194650863921879e+01
8.857386750799545183e+00 -4.715879892077115443e+01
-9.264100430978290035e+01 4.335926367369602019e+01
-1.497827389708224928e+02 4.336121618605014305e+01
-8.402689742920985694e+00 1.596737051586147338e+01
-3.392736356871647541e+00 -3.033648438506204315e+01
-2.089552236595992696e+01 -2.760443365984614594e+00
1.356320506200186404e+00 4.254528486612496607e-01
-3.928104841238257450e+01 3.682078051467636470e+01
-6.246651358488638550e+01 4.482077431969398162e+01
-4.984696688217788108e+01 1.259483788291537110e+01
-5.490505964674494699e+00 -7.901169348849047935e+01
-5.009640997916819938e-02 -8.222888643050794144e-01
4.444011413130687371e-01 -9.317360866180390833e-01
3.036758495546991732e-01 2.939190798189414977e-01
2.895751799174088603e+01 6.655478318560650308e-01
-4.499544344642457361e+01 -8.926394459768605572e+00
-1.143230252400987581e+02 -5.884563695541788775e+01
-7.503137128571719661e-01 4.591091797839652600e-01
2.607432599847214760e-01 -9.211288463660709525e-01
7.784861338078563620e-02 1.864450543031539453e-01
2.990671750777191829e-01 2.534534859804424833e-01
3.233148043615410305e-01 -6.046452611501089702e-01
-9.877680953255091367e+01 2.624849306656901859e+00
-1.752543843755615285e+02 -1.001103895914773716e+02
3.868002521272952965e-01 3.046004553427932748e+00
-2.936380068427848489e-01 7.892696063127184747e-01
3.350215530986970780e-01 4.815630688457210873e-01
3.745433248065368481e-01 8.158126150783964192e-01
-3.632641289460782907e-01 -3.982330942085683390e-01
-2.520190637419601956e+02 -1.110706771428115189e+02
-2.187265844586471815e+02 -1.289379558164936270e+02
-7.773974931196552518e+01 2.499172378337174649e+01
-6.071158346512053328e-01 -1.340573541908292032e-01
-4.912434313623443849e-01 -7.595418223576233530e-03
-8.421899452807748432e-01 -9.947192660576080758e-01
-1.779121916741849532e+02 -3.944281805549827880e+01
-4.109496119528436253e+01 -1.133873629769934155e+02
-2.062578845912308338e+02 4.682130567647264030e+01
-2.635709258786677651e+02 -1.058810004377298242e+02
-9.487112170055667093e-01 1.084886006186616925e+01
3.425806974526484083e-01 -3.865135269358292192e+01
-4.840522604753248714e+01 -3.795879441415408451e+01
1.544535792665122820e+01 -1.824176020966365996e+01
-6.231242003800304019e+01 2.862285908767924525e+01
-1.322036022282663907e+02 1.746350496008377462e+01
-1.454434033324191944e+02 -2.431352418402987325e+01
-1.119088976528049670e+02 -2.702747284648136628e+01
-6.092076823995673518e-01 8.332073683172840362e-01
-5.798150738260900994e-01 2.552657822676754762e+01
-8.405995952389613279e-01 1.374329834813060458e+01
-1.229498581522325829e+01 2.101078399541817276e+01
-1.611199075313146807e+02 -1.002546089823587181e+02
-2.215921093114690166e+02 -1.431885178711278854e+02
-6.168272226073900910e-01 1.346972586803401040e-01
-6.974439694152374525e-01 9.462600936903520221e-01
2.817218692939531532e-01 8.829298867465807277e+00
-9.008858720171732948e-01 8.088253184184196698e+00
-1.649122391632943607e+00 -4.754974793359686203e+00
-1.458812523008974154e+02 -1.251203066928619734e+02
-2.462463103797656743e+02 -9.910564394809645705e+01
-8.537080287266765044e-01 6.588321781430941382e-01
6.579473710755145976e-01 6.362992412462067371e-01
-4.113126130538611314e-01 6.183590552817168629e-01
5.377185258125103395e-01 2.340544113825513417e-01
1.403858140085667561e-01 -5.802433158950757175e-01
-3.446585808268437177e+02 -2.188276318572446257e+02
-1.982568382493980721e+02 -2.724099327947035363e+02
3.374260627479575003e-01 -4.984078722016123120e-01
2.213460315258604094e-01 -3.174904663955786521e-01
-7.010837082110272789e-01 -1.032055772513795766e-02
-4.338378644494553793e-01 7.925719981892433985e-01
-2.832058718714841916e+02 -1.930118694666517456e+02
-2.481863492772774862e+02 -3.185299910972868815e+02
-3.707187852114035422e+02 -2.967558349633141574e+02
-2.345964132016392796e+02 -1.977606303249767166e+02
1.758271877758041946e-01 5.064864022537518551e-01
3.637693933428720605e-02 9.863514565867432804e-01
-1.694324691774248492e+01 -9.900321026216968789e+01
-9.892297812537930213e+01 -4.331820464799149306e+01
-2.205889067348974208e+02 -1.475528174371262367e+02
-3.445624223896008971e+02 -3.950997484469194774e+02
-1.482230349785089061e+02 2.339001805353604357e-01
5.888130657180421501e-01 -9.968181817998886807e-01
-8.208590068650716276e-01 9.906787223029736023e-01
-1.633830299151015630e-01 7.881541221404823716e+00
-1.979279926054766747e+02 -9.925398677592414742e+01
-1.988245828506306339e+02 -9.861201914936012258e+01
-9.859498773347952749e+01 -9.894642433327037168e+01
-2.475794475718720662e+02 -1.992286458044035271e+02
5.048400458929427348e-01 6.984100795224652547e-01
-4.505115410523157227e-01 9.062119925978708856e-01
-1.484690271411348022e+02 -7.370397628026392756e-01
3.520808912829911375e-01 -9.125184620660975554e+01
6.489745830664837012e-01 -3.732739774713957903e-01
4.642594710735947761e-01 8.725028675343646789e-01
5.591805201181927476e-01 -3.913314908268885617e-01
6.830577820057248672e-01 -8.215819208188919198e-01
-2.793867026524938790e-01 8.037101451879091751e-01
-3.944261222198968131e-01 -8.666048400120869299e-01
6.375539835223611451e-01 1.277105061345258363e-01
-7.701092524693915475e-01 -6.160790199198684647e-02
-7.712211596677476244e-02 8.962037279769961007e-01
-6.637114675514490525e-01 9.573020761109392041e-01
-3.100276687618503946e-01 -1.379850119804908459e-01
-3.791555705433022894e-01 9.750167378544896124e-01
-7.152450470669786675e-01 -8.111721087330341362e-01
-9.325349039653336725e-01 4.454352975521786995e-01
6.110713362275277394e-01 5.961005998433632769e-01
8.411832611222915812e-01 -3.640604156270987879e-02
-1.255012860684361353e-01 1.984642880296281220e-01
-3.413853837603666452e-01 9.673372355981788573e-01
-8.041041081292139570e-01 -1.833598376665928065e-01
-9.827619266668867759e-01 2.468224016077587013e-01
2.553171601704771199e-01 -6.295855197629565136e-01
5.045200439381170021e-01 3.680821389282187273e-01
1.592834376430329879e-01 -6.415536749901882274e-01
6.112675748817641974e-02 -8.600894466769475333e-01
-7.198650264921377939e-01 -2.838055095673437389e-01
-2.921600357744522647e-01 -3.008394932201459149e-01
-4.658442206710748934e-01 -8.421020668219920680e-01
-4.833266878452406878e-01 -3.948280528031526959e-01
-4.608794060843102169e-01 3.531693031907190417e-01
-8.035749082574861202e-01 3.375078522578935925e-01
3.442305569315238234e-01 1.487654339820676519e-01
-3.024203638014144602e-01 7.377011888117170901e-01
6.053069400967607816e-01 -2.382114216218440550e-01
-1.639240819553910988e-02 1.456348383214400855e-02
-3.613474507111962275e-01 -6.174453829781638703e-01
-7.791443783226810194e-01 -8.982811677607918099e-01
-6.907704629476265623e-01 -4.463822091816005422e-01
-3.716027755336630545e-01 9.891888720893575737e-01
-1.523671993443241206e+02 -1.383009019990047932e+02
-1.610963926468086527e+01 -4.941014446634782331e+01
1.433385048215256585e-01 1.386145753634752609e+01
-7.012861088586397340e-01 -9.268903892615554252e-01
-8.810920434242230925e-01 -5.068118754280475091e-01
2.328693603921805355e-01 -4.572249600020645843e-01
-7.578282953373824959e-01 -7.482450380813385493e+01
6.248563543273077059e+00 -9.686295789210430662e-01
5.699188789787620379e+01 -5.699177398621337876e-01
-7.099052149256204203e-01 4.377594602954856384e+01
5.180923814865092680e-01 -9.838155234373020530e-01
-7.537310859964159171e-01 8.873159363362908003e-01
6.872090511368835752e-01 -6.428335718933237963e-01
4.639980292580481169e-01 8.937519875530763880e-01
3.856732687284616379e-01 -3.579671086591553752e+00
-7.418670166274536903e-01 4.492931864056910740e+01
1.664650019209039300e+01 2.172826577301403272e-01
4.660884322059312801e+00 -1.397365349921832411e+01
9.083169738288723316e-01 5.066545757218419155e-01
9.720899702642453732e-01 6.401373135069055031e-01
-6.035720710848804238e-01 -8.203792681486778982e-01
-7.568138730622822052e-01 2.055907594720625120e-01
8.927177244293009739e-01 -5.128380637411686926e-01
7.261851958004417185e-01 -3.231362550418483970e-01
3.250402932483487106e-01 5.156764006998391103e-01
2.323211251472925287e-01 7.346312797793927984e-01
-5.313945761657365985e-01 1.874501308631277841e-01
-3.495694387023429162e-01 -1.196274590270940408e-01
8.548960411845185625e-01 4.450430067561950143e-01
-5.548941742104891439e-01 6.603307695608753303e-01
-9.244999425857216568e-01 -4.619326406926214101e-01
-6.487284305103644400e-01 1.049800340458038050e-01
2.162257281518420449e-01 8.958545540011539909e-01
8.808533167006107334e-01 -4.883363848406774288e-02
2.116188805879222201e-01 1.336404139485538600e-01
-2.693667433732784833e-01 -6.344389398368517341e-01
-2.165379095992591374e+02 -1.505110164364356251e+02
-1.427157981178879425e+02 2.271469284322534321e+01
-2.026797244348246352e+01 3.387664416389257749e+00
-8.876174901561229014e-01 7.593613638726142145e-01
8.971591816973023548e-01 -8.729915721623568992e-01
3.781199311782152961e-01 -1.364286414515234469e-01
-1.481211610099061886e+02 -1.556907561864915408e+02
3.623008186055393764e+01 -1.156005257612301591e+02
9.054453537202784119e+00 -3.984198489701848445e+01
-9.937613446400153094e-01 3.996296597299147635e+01
-4.697800858838143689e-01 2.247697306046685384e+00
-1.386915251589331266e-01 -1.460905343703924331e-01
2.348494756002805772e-01 4.122069148158311602e-01
-8.957633731857606030e-02 8.474357119070883293e-01
6.368847802884481935e-01 4.850715689576027501e+01
1.985830964258767928e-01 5.387269374585636683e+01
-8.028741812694185853e+00 3.044994787804924741e+01
-1.161338334250996951e+01 -3.030695114056670469e+00
-7.688069763947011914e-01 -1.123350181457487551e-01
-6.002234084236108824e-01 -6.478875768439715799e-01
3.075591678242028948e-02 2.319716505206852464e-01
4.209174860024997145e+01 -1.043991916826574329e-01
-6.004693456662469231e+00 1.168205768754615370e+01
-9.079363473174284493e-01 5.008820585866593511e+00
1.994346061364105083e-02 8.878837346223822369e-01
-2.990020083563913467e-01 -1.299131123014869438e-01
-2.568417231795736555e-01 5.519217482191203228e-01
-3.483623739030199395e-01 -6.181618143099973928e-01
3.775014347474656695e-01 -9.390757179515274444e-01
-5.988318602349806952e-01 -6.305802408463432318e-01
5.113158810754168115e-01 -7.585795876474366040e-01
-3.852343906764530423e-01 -1.964530091273413159e-01
1.114945652196284165e-01 5.582017187577308359e-01
7.303160549131941792e-01 -1.780142669967847979e-01
-4.917285936393118728e-01 -7.060836447918670267e-01
9.546377947114985663e-01 1.430528725098336729e-01
-2.472727233101888658e+02 -1.693976753108465800e+02
-2.455578754773110006e+02 2.854721762615691105e+01
-4.712169651421319827e+01 -1.826151579381534162e+00
9.595076752973114020e-01 -5.238012531053097831e-01
2.741398132997192039e-01 -3.706198084775429447e-01
-2.917367881151748943e-01 7.202937326261993345e-01
-7.700433531908242912e+01 -2.026999855006685891e+02
-1.110668169661102667e+02 7.596067600106453099e+00
-1.468884317978283889e+02 3.292508763058552113e+00
-1.111713656485892265e+01 -3.006663929680444980e+01
6.305169125024514543e-01 -4.973547185266238291e-01
5.274413276361205050e-01 -6.089125642020505325e-01
-6.304245721922541890e+01 -5.039516682937599512e+01
6.021514303779584854e-01 -5.019202058625662488e-01
-1.531572239517154230e+02 2.654545801692441387e+01
-1.868022993254209609e+02 3.250001032950052604e+01
-1.019958962652396934e+02 4.983309423021013984e+00
-9.498320022410266006e+01 -3.727044120197937627e-01
9.431132708616480897e-01 7.747769570871214651e-01
-3.636743593834093069e-01 1.308815918442654214e+00
9.668763759479543918e-01 2.261181906565572497e-01
-6.024595312178939732e-01 3.282721145705500732e+01
-7.446041595487831177e-01 1.099564842680279853e+01
7.377007445853047685e-01 -1.538039157946537117e+01
-7.152055890048787390e-01 -1.795876436338943449e-01
-2.282888857632279223e-01 7.115897412099785324e-01
7.800870151554444298e-01 9.725936784217643627e-01
-3.304495274313872244e-01 1.871246061680991168e-01
-6.082088673634433729e-01 5.950103281225185281e-01
-2.185203734267247100e+01 -1.008287811670816581e+02
8.843687007825191682e-01 7.963283719966360863e-01
5.997396444100981938e-01 -9.010414135199269481e-01
-7.769670020199272997e-01 -2.470052211096909200e-01
5.502975286408975375e-01 -7.601545789357644356e-01
-1.509890099476494107e-01 -2.281789967529193053e-01
-4.409498347776945604e-01 4.030022753719175732e-02
-3.512952481595518748e+02 -1.652897799581920708e+02
-2.594680688530573889e+02 -2.596179476470065879e+02
-6.298178762638145400e+01 -1.018483586068616376e+02
-1.652910637990090414e-01 -5.582223289892644935e-01
3.198798098151363067e-01 -8.078736972260107674e-01
-3.906075577891019446e-01 -2.666771448202931438e-02
-3.303574475317370798e+02 -1.912079921878836899e+02
-2.036008146106179311e+02 -2.409111080803965592e+02
-3.912185239550633469e+02 -3.028880422083714166e+02
4.796402702942628160e-01 -3.147769973045460024e-01
7.150782887826410139e-01 3.834070748597200318e-01
-3.108131232755073636e-01 -4.363228373487704204e-01
-1.092918664367760417e+00 -9.990834081778908171e+01
-4.486967050446766248e-01 -4.756351344902268607e+01
-3.130928317870198612e+02 -3.680362169430566155e+02
-1.244213608274493907e+02 -3.229196627798946224e+02
-1.010662894326396923e+02 -1.721511356847882155e+02
-9.906280794581390126e+01 -1.970705299915349542e+02
-9.135016740278916192e-01 2.072132207235488632e-01
-9.521375904061923912e-01 1.411761274635323193e+00
-1.682842543142970548e-02 -5.717034890917940260e-01
-1.000297576085272766e+02 1.555857303220387422e+01
-1.229296238341686376e+02 -9.158264785266110763e+00
-9.654474548698743774e+01 -2.291429279512090886e+02
9.672008926172548371e-01 -3.100429206083046285e-01
-8.724906168671897611e-01 4.092633857185321578e-01
6.205854186713350984e-01 3.339515937729968797e-01
2.943358661873274329e-02 -1.936020769757074156e-02
-9.942945353168845202e+01 -7.775470586143650387e+00
-2.973637500842613122e+02 -2.353553473205429896e+02
-1.683210117828211061e-01 -2.668292664845202111e-01
3.035286975422368805e-01 -8.919927680117369917e-01
7.551490190222047705e-01 -7.218250543236850447e-01
-6.669844315901118925e-01 -2.579877111707096216e-01
2.048957646073230610e-01 9.824126081906954244e-01
-2.996792010443025678e-01 8.913549302750480852e-01
-3.710248639404477444e+02 -3.948134749253288760e+02
-2.223788257301396243e+02 -9.890413124396719979e+01
-1.483267525868906489e+02 -9.802450839935215043e-01
7.423639318792485398e-01 9.330679551835399099e-01
-7.462638761032773793e-01 -4.356838928962765145e-01
-7.132865782128963161e-01 6.770576087027579959e-01
-2.715115206171789168e+02 -3.213323723458305494e+02
-9.871107523526984551e+01 -1.481393910953845534e+02
-2.416428728434489130e+02 -1.987560691968039066e+02
3.662925263670588905e-01 -7.434110647277447637e-01
9.606252548033682448e-01 -7.497972480461796430e-01
-1.798565349256251444e-01 -1.664428072977319761e-01
-7.992954956000568600e-01 -1.992176069799956792e+02
-9.874499593286238053e+01 4.732944492050699115e-01
-2.481777108440701625e+02 -2.968189844811041667e+02
-2.971097196204228794e+02 -3.706664194236375351e+02
-9.980368074354886687e+01 -1.004873668920646708e+02
-1.487880101540079991e-01 -6.433026961348013995e-01
-1.296933847627625980e-01 -3.673297635439862763e-01
4.366562382901195694e-01 -1.206026195820349471e+02
9.490306106863901636e-01 7.924941974887009799e-01
-1.498561928526690963e+02 -2.722714866740112143e+02
-9.967350771835900503e+01 -9.934918764048492790e+01
-2.227761320140031103e+02 -1.489881940580028754e+02
-3.763331124559632368e-01 -2.607538353607503634e-01
-1.935219531096963319e-01 3.015687457489242274e-01
4.100288013077075799e-01 -9.903409554375266488e-01
9.298506673117290511e-01 6.186567406089138466e-01
9.834053149619528256e-01 5.064723049707173796e-01
-1.491645864306290150e+02 -9.982549133261034058e+01
-3.896637148159989295e-01 9.624554541716157097e-02
3.919492018798578226e-01 6.226260466104767133e-01
-9.088043279542175057e-01 -7.160063616130303288e-01
3.249080767158034622e-01 -2.355064909664121853e-01
5.716346768769589026e-01 6.241647625328108351e-01
8.516833063029749518e-01 9.839969168421278667e-01
-3.447560626722467880e-02 4.125536745133786543e-01
1.484581645669307282e-01 8.382980325083602136e-01
3.399352924819167843e-01 -5.300739390346280722e-01
-2.173299694200170329e-01 5.432292534652005678e-02
2.380756014994040992e-01 8.525990689368116993e-01
-4.876394902345215776e-01 4.057957731513390787e-01
2.185773524640088894e-01 -5.914899510670341698e-01
-5.486445388401741674e-01 -7.991941046431758622e-01
8.536349099091762316e-01 -1.970747410877471406e-01
7.678060820787306895e-01 8.382089986358431943e-02
-2.108881796349486581e-01 -4.873531052159307819e-02
5.302016935952156285e-01 9.261617690633088262e-01
-8.115185684976786717e-01 -6.084400725904628437e-01
9.392416688220392995e-01 3.633608925700415604e-01
3.493769867367122473e-01 -2.020770397256068662e-01
1.506069997291081819e-03 8.191749334759057533e-01
7.318181764934608147e-01 -7.348459634449606703e-01
3.625329672299713035e-01 -2.031289531991391506e-01
-4.978356053743024923e-01 -7.480501063161679731e-01
2.198246558031031750e-01 -3.681622112072580055e-01
2.743722469059972635e-01 -2.980158875210627833e-01
5.581091031003189151e-01 -8.940449159148502467e-01
8.231083462613462132e-01 8.361837088079027147e-02
5.061542849127531607e-01 -4.391190792163435219e-01
-6.790511889060368844e-02 4.610583121277223029e-02
-1.670563918546410509e-01 6.294873995732319649e-01
-3.312254707436905754e-01 -7.190707184111282402e-01
-5.572135834259783760e-01 -5.580029629151725956e-01
-7.178869883215908132e-01 9.328703967455131973e-02
-3.485377985277993140e-01 -9.376345321244865527e-01
5.232801380993377105e-01 4.474810961333992587e-01
3.808820429443509070e-01 -7.939446801701157685e-01
-3.263715395643607131e-02 8.217964573706759701e-01
7.382787596913580330e-01 9.891109101796351499e-01
2.156020418234139147e-01 6.976024614123148559e-01
-2.822471131084898222e-01 -1.737270746390051634e-02
-5.567159338488618658e-01 4.833283297242281229e-01
-2.675132356917502285e-01 -1.751512249044704372e-01
-3.327790316347649657e-01 -5.018557042393645418e-01
-7.379059130319420845e-02 2.278744600091915373e-01
6.718007613949201762e-01 -5.102757777220900959e-01
-1.296700887708333028e-01 4.469361573208372462e-01
-3.484266765245078723e-01 3.621398038786913798e-01
7.020251129933947620e-01 -9.311862100721104429e-01
-7.537800603643545205e-01 -8.618011485179892794e-01
-1.373079262484309115e-01 7.349546289802399990e-01
4.711241239621646315e-01 -7.581891948386967339e-01
9.737053222264171470e-01 8.551398455480683225e-01
3.232116211175117826e-02 4.928711082545007560e-01
2.155338701158493464e-01 4.955686358453459395e-01
-7.903809363650109443e-01 -9.237436730058523615e-02
1.569682950525053133e-01 -2.968733048518146234e-01
-2.559614269004260034e-01 1.170283569567043269e-01
-6.353437097706602366e-01 -6.068159721806654083e-01
-1.369491817079169227e-01 -5.588134236754493944e-01
-9.666039359516307439e-01 1.417895996605307296e-01
-3.225113817179492415e-01 9.066465115775133032e-01
1.521815469451115455e-01 6.725588091154175441e-01
7.507710371882849731e-01 -7.427518553714693716e-01
4.505677505568881358e-01 -1.503714804127167515e-01
2.691084258744065316e-01 -6.061573995260449710e-01
-2.641760468463389966e-01 7.216500283292133222e-01
-9.551885502773298509e-01 -4.318080959541192865e-01
-8.717125129649367921e-01 -6.084533422693676474e-01
4.385444492565926389e-01 1.808761907508940059e-01
-3.480160398381937359e-01 -1.847050150367932631e-01
-8.474647955636751551e-01 9.908542766754142583e-01
-8.500845868942219496e-01 9.243155030883343226e-01
-4.247240717163847101e-02 -1.662734582616969270e-01
-5.686243600948939214e-01 7.485616249316691118e-01
3.965522084369637046e-01 -5.089914389219460933e-01
-2.101648104389184368e-01 7.921895612341700588e-01
-2.850763318882942876e-01 -5.055109626481970597e-01
2.226498927674671613e-01 -6.770575404115697360e-02
-2.020455976217748528e+01 -1.330243259086203267e+01
5.829511413172525636e-01 6.847071928216124093e-01
2.854391748539701901e-01 1.695664036713326883e-01
-1.594192767732651728e-01 -6.088955302047049933e-01
-6.328157767660216315e-01 7.071329991210875132e-01
-4.923699010557989197e-01 -3.261280538249544669e-01
-4.828825136096279724e-01 -1.027414014232836958e-01
3.607480493980106395e-01 -1.208930974236424039e-01
-9.258490635991318829e-01 1.755873526356888092e-01
-3.612149116117058245e-01 4.152455711936131610e-01
6.787972561092698864e-01 -8.182340388364142125e-01
1.736304230410641303e-01 -5.884585153277832603e-01
4.176660453352645241e-01 4.473057832974856041e-01
-4.629290044168545837e-01 -2.344320625396389968e-01
-6.722392426531933474e-01 6.208066173758832740e-01
-9.502192153730018020e-01 -2.459005315899061017e-01
-2.003008664000796024e-01 6.900783493522948397e-01
-5.754179414630946621e-01 -4.006544214271441362e-01
6.846368815009531428e-01 -6.785884384781424306e-01
-2.988282899054932606e-01 -2.786369432216004860e-01
3.324190470685681742e-01 -7.890023400516039676e-01
-6.752305590872356156e-01 1.155199831363631358e-01
-5.513473808785869235e-01 -1.689793891402968651e-01
2.592509909174349758e-01 9.431861440662152596e-01
7.874697309267004730e-01 -4.000803014101024235e-01
5.764374920554289350e-01 5.763438385969315014e-01
8.805224441349859266e-01 -5.046603272664440532e-01
-4.272209126807480217e-03 9.615661971983047174e-02
-3.683127627873605814e-01 2.563892279169799338e-02
-8.937115111221352048e-01 5.662692933433199904e-02
-7.409157233887504468e-01 3.640440975931074075e-01
-6.860651255938463589e-01 -2.372054990492356019e-02
4.727248721622345773e-01 7.029118577822979219e-01
1.986865964820705432e-01 6.238002665643955780e-01
-1.566660825037921541e+02 -1.362309264107475428e+02
-2.009633274275574877e+02 -1.343803150268137188e+02
-4.914019825010917941e+01 -1.073024811018572393e+02
2.088712025793302285e-01 -6.224841711648292364e-01
6.217575107858763772e-01 -7.741802163915552093e-01
2.098351977654453471e-01 9.951458706037115132e-01
-4.830888967551272373e+01 -9.165578222485220294e+01
3.590423300078375846e-01 6.413479359801010915e-01
-8.523334802663204357e+01 -1.181607879719574044e+02
7.280256053481448664e-01 -6.410315191167414994e-03
-7.845402366350006673e+01 -8.003082778948724751e+01
-4.952173991660049346e-01 9.608626104917208366e-01
-8.830797993733423557e-01 -9.406102335296575578e-01
-6.654190967015518599e-01 5.970799206122316960e-01
-5.175712792158211339e-01 -1.594991549779884998e-01
7.548414789614381615e-01 -5.415136416325549984e-01
-4.127061398597324171e+01 -6.941003284772122583e+01
-8.262666273238671977e+01 -2.637295561047800518e+01
-2.340656621966048512e-01 3.568538916597616684e-01
3.777440908097129402e-02 -3.248569299537382715e-01
-3.924285274408196855e-01 -4.855314214997896727e-01
-8.369186718483945242e-02 3.906256194639334822e-02
-3.778017493723753173e-01 3.903726569755134879e-01
-6.880729690169089530e-01 9.092215334959230510e-02
-9.334851496453278052e-01 -5.230541927278478109e-01
-5.628173096688939836e-01 5.523859398125874343e-02
-4.076071851968665616e-01 6.982800003467115602e-02
8.177304602573300940e-01 8.689598262669329110e-01
-4.117796605803942800e-01 4.762424408838155099e-01
5.748491011989380617e-01 2.581066406623411247e-02
2.818067253022031871e-01 2.306802439955941697e-01
-8.144013765592750254e-02 -3.263147417507572534e-02
6.761894828982406569e-01 2.387753548286655203e-01
-5.412470932265469603e-01 3.324301497106425529e-01
-6.273225880835320289e-01 -6.187799580737962657e-02
-4.500794555464215918e-02 -4.486093276081071224e-02
-3.385059837436956514e+02 -3.470798346958906677e+02
-3.808875886824168902e+02 -2.915719774674847713e+02
-1.481972757868901169e+02 -3.191203400077356633e+01
-6.427767295384063662e-01 -9.930731938305335404e+01
-6.201306361966016922e-01 5.316480736118325279e-01
-4.835536814237313408e-01 2.227225431085044782e-02
-8.487435365275143795e+01 -9.968296335825897359e+01
-1.611345561639592194e-01 8.084718889160495969e-01
-3.630755171044103236e+02 -3.681762675946411036e+02
-4.294764090392018119e-01 -7.503706682487243995e+01
-1.896591495620470766e+02 -1.884136081535873473e+02
6.809609338673303647e-01 4.738576196159203224e-01
7.617108441562003840e-02 -7.456991183482848395e-01
-9.613271964158849325e-01 -3.473288883085348111e-01
8.323324020792510769e-01 -1.483638032985220434e+02
-1.981906274441359415e+02 -1.573171016910927449e+02
-1.979469869361356018e+02 -2.432278367778478412e+02
-9.948620458091536989e+01 -4.765947225863868653e+01
2.500960718131994831e-01 4.147118445345774340e-01
6.676144950037250503e-01 -1.518007489035508861e-01
2.904892545773418711e-02 9.988161397809673936e-01
7.489326515099796744e-01 8.943456205767064127e-02
-9.382023453385299749e-01 7.870067572201024930e-01
-1.478534191704876655e-01 8.460285560271967320e-01
-5.570392591660129344e-01 7.849196903454260799e-01
8.316454582624186465e-01 -7.177748483130892421e-01
-1.713849460514498269e-01 7.221307192800743291e-01
-7.066632234960594783e-01 9.899309305203025655e-01
-7.620418113916285208e-01 4.017331210753605220e-02
8.582901006324230586e-01 -9.618726704956255258e-01
-8.077249217169939488e-01 9.329282473759612504e-01
3.624579724184817664e-01 7.650661976971393496e-01
-8.028061315204719772e-01 -6.293492730520464651e-01
5.050211845710037561e-01 6.363525038202839657e-01
-3.174955930638545532e-02 2.748569257192570170e-01
-9.414316412588961125e-01 2.777051623867321517e-01
-2.974702328201701675e+02 -3.456072080268112359e+02
-2.968542944773707859e+02 -2.478984448711304367e+02
-1.979737785701731809e+02 -9.899665870223300601e+01
3.713953654135093707e-02 3.370143132693006471e-01
8.202116146177342859e-01 -1.308379255747724734e-01
2.289922757445406187e-01 -3.273483358599400539e-01
4.024279676705191378e-01 -4.454704296246247974e-01
7.597764161894475787e-01 2.688516880998370606e-01
-2.963908121475473081e+02 -2.936446208046569950e+02
-9.857153917479894289e+01 1.046600327673246067e-01
-4.727315762531461019e-01 -9.912923725229666161e+01
1.233526267268330034e-01 7.500204034803110709e-01
-9.850176540433184247e-01 6.606883795599383102e-01
9.699960747986191567e-01 8.873569275137596080e-01
-2.624790759572266374e-01 -7.191793266815298402e-01
-9.860329967815590635e+01 -1.000477330239921514e+02
-1.981141725983222273e+02 -1.488989379438520473e+02
3.971498281090555249e-01 3.100396442479396164e-01
-6.308836084884248407e-01 -2.308332567778206279e-01
-1.520515711765062505e-01 6.934079688488710147e-01
-3.312490230910771771e-01 5.951591988410600553e-01
-8.569564077388436285e-01 -7.410557482708328703e-01
-5.795838618372355366e-01 5.509326093164570448e-01
-1.979874957821307078e+02 -1.484461322547039117e+02
-6.406830602016488907e-01 -5.326208366892704049e-01
7.263786787492989561e-01 -9.028762968588450732e-01
-1.960674834589599680e-01 -3.661190746411431274e-01
1.705601624894774737e-01 -3.022010950586413447e-01
-9.314625149087270017e-01 -9.783160998682298715e-01
6.983311443910500405e-01 7.929271812994354018e-01
2.710368416975503791e-01 4.902842413887442685e-01
5.702589354216305306e-01 5.730789765152999315e-01
-5.124537133478361817e-01 -8.859545791926937142e-01
2.456341321020407698e-01 7.008199516469164614e-01
3.854712979343852819e-01 -4.892167713249275796e-01
-4.772900412181728669e-01 5.902056751912605481e-01
